0917
0918
0916
0867
0868
0869
0818
0870
0824
0823
0825
0775
0774
0872
0971
1020
1019
0969
0866
1021
0819
0820
0572
1069
0621
0816
1410
1360
0766
0716
0970
1015
0811
0861
1121
0627
0626
0777
0776
0877
0976
0827
0828
0765
0809
0858
0865
0914
0815
0972
0973
0673
0623
0622
1068
1067
1118
0919
1065
1120
1064
1114
0871
0920
0915
0875
0926
0863
0812
0913
0864
0921
0922
0873
0773
0822
0968
0967
1066
1115
0726
0672
1102
1012
1062
0862
0912
0876
1011
0965
1116
0964
0724
0674
1014
0814
0966
1013
0723
1063
0813
0528
0578
0962
0963
0826
1022
1071
1061
1017
1016
0874
0523
0573
0624
0671
0571
0925
1018
0676
0677
0576
0725
0727
0728
0817
0778
0878
0928
0927
0977
0978
1070
1072
0526
0577
1023
1073